network1:  92.10837889121564
network2:  94.56558055357691
network3:  92.28455453684336
network4:  95.34465047101672
network5:  90.0613852239747
network6:  93.25201790599537
network7:  89.69431892365664
network8:  88.1715122833485
network9:  89.03746094686058
network10:  96.8749999999994
network11:  96.20901639344164
